#此文档用于生成虚拟的手机号
#主要用于特殊通道的，省份信息转换
#前三个字段为必须且位置不变，其它字段为备注

#city,province,phoneCode
42,19,1340837,阿坝
234,19,1780837,阿坝藏族羌族自治州
184,15,1356510,阿克苏
225,15,1780997,阿克苏地区
304,14,1780060,阿拉善盟
33,14,1504830,阿拉善左旗
110,15,1356517,阿勒泰
133,15,1788120,阿勒泰地区
399,31,1361897,阿里
6,31,1780897,阿里地区
152,20,1340915,安康
129,3,1344065,安庆
328,28,1350853,安顺
277,26,1340372,安阳
189,13,1344041,鞍山
61,14,1780063,巴彦淖尔
381,15,1840996,巴音郭楞
290,15,1780996,巴音郭楞蒙古自治州
387,19,1340827,巴中
265,12,1340440,白城
340,12,1350093,白山
193,11,1351901,白银
348,10,1344683,百色
52,30,1357810,版纳
72,3,1348552,蚌埠
90,14,1345132,包头
281,20,1342978,宝鸡
366,17,1340012,保定
2,30,1346613,保山
295,10,1344983,北海
365,1,1340100,北京
333,13,1347050,本溪
382,28,1350857,毕节
3,6,1340543,滨州
62,3,1830671,亳州
353,15,1788122,博尔塔拉蒙古自治州
24,15,1351997,博乐
183,17,1340017,沧州
379,31,1351895,昌都
7,15,1351996,昌吉
138,15,1780994,昌吉回族自治州
398,25,1340736,常德
217,2,1340130,常州
345,3,1347072,巢湖
154,13,1346405,朝阳
280,8,1341370,潮州
320,25,1340735,郴州
392,19,1340280,成都
174,17,1340314,承德
60,3,1348566,池州
22,14,1340486,赤峰
41,10,1887800,崇左
4,3,1347070,滁州
342,30,1350878,楚雄
139,30,1786930,楚雄彝族自治州
339,19,1340403,达州
268,30,1340495,大理
395,30,1786899,大理白族自治州
17,13,1347840,大连
262,16,1350459,大庆
87,24,1340342,大同
242,16,1350456,大兴安岭
137,16,1840457,大兴安岭地区
48,13,1344040,丹东
297,30,1352952,德宏
319,30,1786920,德宏傣族景颇族自治州
356,27,1361977,德令哈
329,19,1340814,德阳
128,6,1340229,德州
219,30,1350887,迪庆
260,30,1786928,迪庆藏族自治州
92,11,1351902,定西
218,8,1341200,东莞
158,6,1340546,东营
159,28,1350850,都匀
311,14,1345137,鄂尔多斯
134,4,1345100,鄂州
385,4,1340270,恩施
103,4,1780276,恩施土家族苗族自治州
386,10,1348170,防城港
69,8,1341100,佛山
59,18,1842350,涪陵
177,21,1340050,福州
45,13,1346443,抚顺
243,23,1340704,抚州
244,13,1346481,阜新
326,3,1344266,阜阳
93,11,1351941,甘南
325,11,1780941,甘南藏族自治州
15,19,1344018,甘孜
98,19,1780836,甘孜藏族自治州
113,23,1340707,赣州
269,27,1351979,格尔木
305,27,1344697,共和
344,29,1340954,固原
322,19,1340826,广安
192,19,1340402,广元
111,8,1341115,广州
208,10,1787810,贵港
336,28,1351190,贵阳
145,10,1344383,桂林
249,27,1361975,果洛
178,27,1780075,果洛藏族自治州
388,16,1344070,哈尔滨
371,15,1344999,哈密
38,15,1788123,哈密地区
240,27,1840970,海北
309,27,1780970,海北藏族自治州
81,27,1351972,海东
402,22,1351800,海口
36,14,1345130,海拉尔
263,27,1840975,海南
23,27,1780076,海南藏族自治州
123,27,1840979,海西
96,27,1780070,海西蒙古族藏族自治州
254,27,1361970,海晏
253,17,1340010,邯郸
384,20,1342976,汉中
350,9,1342910,杭州
292,3,1347098,合肥
89,15,1344699,和田
140,15,1788124,和田地区
67,10,1340775,河池
255,8,1343530,河源
115,6,1340223,菏泽
359,10,1887749,贺州
68,26,1340392,鹤壁
12,16,1350458,鹤岗
117,16,1355507,黑河
200,17,1340048,衡水
352,25,1340734,衡阳
122,30,1340890,红河
29,30,1786914,红河哈尼族彝族自治州
324,14,1340480,呼和浩特
121,14,1780069,呼伦贝尔
104,13,1344140,葫芦岛
252,9,1345425,湖州
361,25,1340745,怀化
259,2,1340180,淮安
347,3,1347092,淮北
274,3,1348554,淮南
199,4,1340967,黄冈
404,27,1361973,黄南
308,27,1780973,黄南藏族自治州
149,3,1347090,黄山
118,4,1344472,黄石
168,8,1341300,惠州
414,16,1350468,鸡西
171,23,1340706,吉安
50,12,1340465,吉林
403,25,1340743,吉首
76,14,1348474,集宁
119,6,1340220,济南
160,6,1340227,济宁
20,16,1344269,佳木斯
279,9,1342940,嘉兴
79,4,1470716,江汉
228,4,1340720,江汉(天门/仙桃/潜江)
318,4,1780279,江汉（天门/仙桃/潜江）区
165,8,1341415,江门
239,26,1340390,焦作
55,8,1341390,揭阳
369,11,1471708,金昌
213,11,1351905,金昌武威
302,9,1342900,金华
248,13,1344039,锦州
120,24,1340356,晋城
406,24,1340344,晋中
142,4,1340960,荆门
313,4,1343720,荆州
18,23,1340798,景德镇
53,23,1340702,九江
101,11,1471713,酒泉
70,11,1351907,酒泉嘉峪关
232,15,1356537,喀什
241,15,1780998,喀什地区
396,26,1340378,开封
236,28,1350855,凯里
346,15,1344099,克拉玛依
261,15,1357956,克州
316,15,1840908,克孜勒苏柯尔克孜
170,15,1788121,克孜勒苏柯尔克孜自治州
380,15,1356500,库尔勒
97,15,1351994,奎屯
166,30,1344588,昆明
210,31,1344093,拉萨
374,6,1344054,莱芜
131,11,1344194,兰州
390,17,1340316,廊坊
270,19,1780833,乐山
91,30,1350888,丽江
65,9,1345430,丽水
226,2,1340126,连云港
397,19,1340834,凉山
63,19,1780834,凉山彝族自治州
321,13,1346480,辽阳
186,12,1350087,辽源
220,6,1340634,聊城
415,31,1351894,林芝
207,30,1340888,临沧
203,24,1340347,临汾
214,14,1344078,临河
364,11,1351900,临夏
273,11,1780930,临夏回族自治州
204,6,1340539,临沂
230,10,1340780,柳州
1,3,1347084,六安
75,28,1350858,六盘水
163,21,1345970,龙岩
175,11,1344794,陇南
362,25,1340738,娄底
99,19,1340409,泸州
411,26,1340379,洛阳
250,26,1340395,漯河
405,24,1340358,吕梁
30,3,1347095,马鞍山
334,8,1341330,茂名
367,19,1340406,眉山
360,8,1341120,梅州
173,19,1340233,绵阳
338,16,1350453,牡丹江
301,31,1351896,那曲
327,31,1780896,那曲地区
227,23,1340700,南昌
247,19,1340408,南充
26,2,1340005,南京
51,10,1340770,南宁
306,21,1344067,南平
28,2,1340128,南通
282,26,1340377,南阳
409,19,1780832,内江
233,9,1342920,宁波
148,21,1345930,宁德
289,30,1350886,怒江
206,30,1786938,怒江傈僳族自治州
197,19,1340812,攀枝花
391,13,1347018,盘锦
287,26,1340375,平顶山
278,11,1351903,平凉
298,23,1340799,萍乡
176,21,1345905,莆田
303,26,1340393,濮阳
71,30,1846943,普洱
223,16,1350488,七台河
147,16,1344069,齐齐哈尔
156,28,1840855,黔东南
355,28,1780855,黔东南苗族侗族自治州
116,18,1842360,黔江
194,28,1840854,黔南
34,28,1780854,黔南布依族苗族自治州
276,28,1840859,黔西南
191,28,1780859,黔西南布依族苗族自治州
180,10,1344783,钦州
343,17,1346335,秦皇岛
132,6,1340532,青岛
341,8,1341345,清远
25,11,1351904,庆阳
363,9,1345400,衢州
64,30,1340870,曲靖
151,21,1340080,泉州
58,31,1344693,日喀则
216,6,1340633,日照
49,26,1340398,三门峡
368,21,1345980,三明
190,21,1340060,厦门
310,31,1361893,山南
8,31,1780893,山南地区
246,8,1341190,汕头
323,8,1341105,汕尾
188,20,1342974,商洛
258,26,1340370,商丘
215,7,1340200,上海
100,23,1340703,上饶
407,8,1341110,韶关
102,25,1340739,邵阳
141,9,1342945,绍兴
275,8,1341000,深圳
285,13,1344238,沈阳
375,4,1342995,十堰
266,15,1351992,石河子
264,17,1340011,石家庄
201,29,1340952,石嘴山
32,16,1350464,双鸭山
181,24,1340349,朔州
44,30,1346617,思茅
187,12,1340434,四平
332,12,1340445,松原
300,2,1340140,苏州
37,16,1350455,绥化
82,4,1340962,随州
109,19,1340815,遂宁
393,15,1344299,塔城
335,15,1788126,塔城地区
245,9,1345420,台州
95,24,1340340,太原
373,6,1340538,泰安
196,2,1340120,泰州
222,17,1340045,唐山
35,5,1350200,天津
153,11,1351908,天水
413,13,1344038,铁岭
106,12,1340450,通化
412,14,1340485,通辽
337,20,1346879,铜川
94,3,1348562,铜陵
182,28,1350856,铜仁
307,15,1356558,吐鲁番
271,18,1842320,万州
83,6,1340630,威海
410,6,1340226,潍坊
401,20,1340291,渭南
16,9,1345480,温州
31,30,1340490,文山
78,30,1786912,文山壮族苗族自治州
155,14,1351473,乌海
85,14,1780066,乌兰察布
130,14,1340482,乌兰浩特
229,15,1344899,乌鲁木齐
107,2,1340000,无锡
179,3,1347073,芜湖
272,29,1340953,吴忠
54,10,1344483,梧州
162,4,1340710,武汉
56,11,1471712,武威
312,20,1476581,西安
314,27,1351970,西宁
251,30,1473676,西双版纳
256,30,1786985,西双版纳傣族自治州
195,14,1844720,锡林郭勒
74,14,1780479,锡林郭勒盟
357,14,1347474,锡林浩特
167,4,1345108,咸宁
114,20,1340293,咸阳
351,25,1840743,湘西
185,25,1787777,湘西土家族苗族自治州
294,4,1344672,襄樊
150,4,1882748,襄阳
19,4,1342992,孝感
202,24,1340350,忻州
284,26,1340373,新乡
377,23,1340790,新余
267,26,1340376,信阳
40,17,1340014,邢台
389,14,1844730,兴安
172,14,1780061,兴安盟
135,28,1350859,兴义
291,2,1340186,宿迁
21,3,1347071,宿州
10,2,1340127,徐州
400,26,1340374,许昌
205,3,1344066,宣城
77,19,1340405,雅安
235,6,1340535,烟台
211,20,1340290,延安
112,12,1780433,延边朝鲜族自治州
221,12,1350091,延吉
88,2,1340125,盐城
13,2,1340129,扬州
146,8,1341130,阳江
143,24,1340353,阳泉
84,16,1350457,伊春
43,15,1479990,伊犁
144,15,1780992,伊犁哈萨克自治州
296,19,1340821,宜宾
47,4,1346981,宜昌
376,23,1340705,宜春
237,25,1340737,益阳
14,29,1340950,银川
125,23,1340701,鹰潭
73,13,1346439,营口
124,25,1340746,永州
293,20,1340292,榆林
354,10,1344583,玉林
394,27,1361976,玉树
209,27,1780077,玉树藏族自治州
288,30,1350877,玉溪
27,25,1340730,岳阳
57,8,1341170,云浮
358,24,1340348,运城
108,6,1340632,枣庄
286,8,1341360,湛江
224,25,1340744,张家界
136,17,1340013,张家口
169,11,1351906,张掖
331,21,1340090,漳州
80,12,1340430,长春
283,25,1340731,长沙
349,24,1340355,长治
46,30,1340880,昭通
330,8,1341380,肇庆
198,2,1340008,镇江
372,26,1340371,郑州
212,8,1341160,中山
157,29,1340955,中卫
317,18,1343600,重庆
315,9,1345405,舟山
126,26,1340385,周口
299,8,1341135,珠海
39,26,1340396,驻马店
5,19,1340822,资阳
9,6,1340533,淄博
161,19,1340230,自贡
231,28,1350851,遵义
